EYESAT-1 (AO-27)        
1 22825U 93061C   16217.78531824 -.00000002  00000-0  16828-4 0  9995
2 22825  98.7632 174.3432 0008511 168.2203 191.9179 14.29962988192183
CUTE-1 (CO-55)          
1 27844U 03031E   16218.00486603  .00000056  00000-0  44987-4 0  9994
2 27844  98.6926 225.5905 0009722 174.6142 185.5142 14.21966187679384
CUBESAT XI-IV (CO-57)   
1 27848U 03031J   16217.28656679  .00000048  00000-0  41614-4 0  9994
2 27848  98.7022 224.9978 0009420 185.2503 174.8577 14.21590741679172
CUBESAT XI 5            
1 28895U 05043F   16217.44304991  .00000179  00000-0  43226-4 0  9993
2 28895  97.8359  28.9611 0018266  68.1089 292.2054 14.63229416574162
CUTE-1.7+APD II (CO-65) 
1 32785U 08021C   16218.20444877  .00000324  00000-0  41328-4 0  9991
2 32785  97.5996 250.3740 0014460 130.6440 229.6037 14.87616510447919
COMPASS-1               
1 32787U 08021E   16218.14706321  .00000584  00000-0  62724-4 0  9992
2 32787  97.5993 257.1310 0014318 110.6083 249.6673 14.92097924448365
AAUSAT-II               
1 32788U 08021F   16218.15994815  .00000479  00000-0  50911-4 0  9999
2 32788  97.5999 259.4075 0013759 105.4314 254.8426 14.93309846448502
DELFI-C3 (DO-64)        
1 32789U 08021G   16217.71814377  .00002648  00000-0  19853-3 0  9994
2 32789  97.6019 276.0901 0014363  97.5180 262.7678 15.03453708449297
CANX-2                  
1 32790U 08021H   16218.12918295  .00000296  00000-0  38455-4 0  9993
2 32790  97.5957 248.9197 0015109 132.3133 227.9367 14.87373954447852
SEEDS II (CO-66)        
1 32791U 08021J   16218.15187893  .00000421  00000-0  49315-4 0  9996
2 32791  97.6001 253.6521 0015043 120.4677 239.8029 14.89835011448088
SWISSCUBE               
1 35932U 09051B   16217.86555300  .00000177  00000-0  51264-4 0  9993
2 35932  98.4545 345.5469 0008628 137.6439 222.5425 14.55847804364294
BEESAT                  
1 35933U 09051C   16217.87976693  .00000129  00000-0  40110-4 0  9992
2 35933  98.4572 346.6833 0006587 147.5404 212.6199 14.55986508364390
ITUPSAT 1               
1 35935U 09051E   16217.35046948  .00000149  00000-0  45336-4 0  9995
2 35935  98.4681 346.3964 0008979 144.1936 215.9864 14.55194684364150
TISAT 1                 
1 36799U 10035E   16217.87867163  .00000524  00000-0  60568-4 0  9996
2 36799  98.0345 328.9200 0011158 287.4506  72.5491 14.89892364328675
M-CUBED & EXP-1 PRIME   
1 37855U 11061F   16217.77424380  .00001118  00000-0  68792-4 0  9996
2 37855 101.7149 282.9345 0185490 295.0154  63.1895 15.01358491259284
HORYU 2                 
1 38340U 12025D   16217.19887950  .00000319  00000-0  55516-4 0  9991
2 38340  98.3580 204.3028 0010796 214.5991 145.4515 14.75074790226555
STRAND-1                
1 39090U 13009E   16218.07871369  .00000026  00000-0  24505-4 0  9991
2 39090  98.5806  59.9918 0009706 150.5543 209.6190 14.34909931180149
BRITE-AUSTRIA           
1 39091U 13009F   16217.55008535  .00000018  00000-0  21890-4 0  9996
2 39091  98.5761  58.9666 0010831 160.7358 199.4239 14.34985772180087
UNIBRITE                
1 39092U 13009G   16217.17289275  .00000022  00000-0  23254-4 0  9998
2 39092  98.5767  58.3234 0009817 154.4462 205.7210 14.34859857180014
AIST-2                  
1 39133U 13015D   16218.21841603  .00000265  00000-0  31590-4 0  9997
2 39133  64.8724 203.8563 0012279 327.9633  32.0739 15.03950002180786
SOMP                    
1 39134U 13015E   16217.20316583  .00002185  00000-0  12248-3 0  9991
2 39134  64.8693 168.3651 0011954 296.5591  63.4309 15.16185571181392
BEESAT-2                
1 39136U 13015G   16217.21970795  .00001732  00000-0  10584-3 0  9993
2 39136  64.8701 174.9134 0011178 302.2233  57.7806 15.13807593181276
NEE-01 PEGASUS          
1 39151U 13018B   16218.22080266  .00000222  00000-0  36790-4 0  9991
2 39151  97.9970 305.5757 0017012 357.3503   2.7615 14.79498682176824
CUBEBUG-1 (CAPITAN BETO)
1 39153U 13018D   16218.23829976  .00000242  00000-0  39067-4 0  9995
2 39153  97.9981 306.0877 0016900 356.2637   3.8446 14.79923020176854
ESTCUBE 1               
1 39161U 13021C   16218.20617916  .00000126  00000-0  28265-4 0  9993
2 39161  98.0487 302.0244 0011066  74.3616 285.8821 14.71698832174278
POPACS 1                
1 39268U 13055D   16218.02605856  .00006659  00000-0  19427-3 0  9994
2 39268  81.0079 337.1331 0667431  64.2810 302.5715 14.27226804147038
POPACS 2                
1 39269U 13055E   16217.82471152  .00005553  00000-0  16426-3 0  9990
2 39269  81.0199 346.5838 0711996  89.5201 278.7455 14.17488058146447
POPACS 3                
1 39270U 13055F   16217.10069778  .00004176  00000-0  13198-3 0  9993
2 39270  81.0203 352.1996 0733011 107.3672 260.8978 14.11543078146019
PHONESAT 2.4            
1 39381U 13064B   16218.01982215  .00035722  00000-0  31569-3 0  9990
2 39381  40.4914  84.2848 0007092 315.5528  44.4727 15.67847676152530
FIREFLY                 
1 39404U 13064AA  16217.70137105  .00050283  00000-0  67045-3 0  9998
2 39404  40.5057 112.3056 0004733 313.7678  46.3259 15.57167693151649
ZACUBE-1 (TSHEPISOSAT)  
1 39417U 13066B   16217.40220446  .00000324  00000-0  47962-4 0  9990
2 39417  97.6760 268.2054 0058607 224.3140 135.3374 14.80439728145901
WNISAT-1                
1 39423U 13066H   16218.13719559  .00000099  00000-0  29570-4 0  9990
2 39423  97.6702 227.0435 0175985 347.0435  12.6277 14.52720255143341
TRITON-1                
1 39427U 13066M   16217.64578753  .00000233  00000-0  45975-4 0  9995
2 39427  97.6643 247.8470 0113177 282.4504  76.4056 14.67227834144628
GOMX 1                  
1 39430U 13066Q   16218.09720886  .00000233  00000-0  52012-4 0  9995
2 39430  97.6679 235.3201 0151573 321.7151  37.3368 14.58639579143851
BRITE-PL                
1 39431U 13066R   16217.22999596  .00000114  00000-0  34358-4 0  9997
2 39431  97.6794 217.7127 0203371  17.6076 343.2034 14.46739775142621
HUMSAT-D                
1 39433U 13066T   16217.73464658  .00000819  00000-0  87999-4 0  9992
2 39433  97.6947 283.5237 0031494 185.4703 174.6176 14.90902290146857
EAGLE 2                 
1 39436U 13066W   16217.73405149  .00015776  00000-0  66261-3 0  9991
2 39436  97.7160 305.7940 0016808 117.0728 243.2225 15.23408397148267
CUBEBUG-2 (LO-74)       
1 39440U 13066AA  16217.64887095  .00000274  00000-0  46003-4 0  9990
2 39440  97.6698 260.2317 0079690 246.2083 113.0757 14.75200001145424
NEE-02 KRYSAOR          
1 39441U 13066AB  16218.09493370  .00000193  00000-0  35107-4 0  9993
2 39441  97.6677 259.8234 0080956 247.0916 112.1734 14.74433793145403
FUNCUBE-1 (AO-73)       
1 39444U 13066AE  16218.14109270  .00000388  00000-0  55226-4 0  9995
2 39444  97.6769 269.5767 0057928 219.6930 140.0037 14.81118307144821
UWE-3                   
1 39446U 13066AG  16217.68714490  .00000297  00000-0  46859-4 0  9992
2 39446  97.6720 264.1772 0069545 234.9207 124.5470 14.77725523144458
BRITE-TORONTO           
1 40020U 14033L   16218.16194378  .00000130  00000-0  31092-4 0  9997
2 40020  97.8803  96.2763 0086360 251.4881 107.6924 14.66284608113771
DUCHIFAT-1              
1 40021U 14033M   16218.19354209  .00000520  00000-0  60711-4 0  9995
2 40021  97.9272 124.8304 0011663 261.4117  98.5779 14.89384561115557
FLOCK 1C-10             
1 40023U 14033P   16218.02587230  .00000026  00000-0  89397-5 0  9994
2 40023  97.9309 124.1751 0011727 267.2430  92.7449 14.88031071115477
NANOSATC-BR1            
1 40024U 14033Q   16218.19402248  .00000461  00000-0  55250-4 0  9991
2 40024  97.9245 124.1684 0010933 261.4652  98.5325 14.88783851115525
QB50P1                  
1 40025U 14033R   16218.21395550  .00000391  00000-0  48678-4 0  9990
2 40025  97.9239 123.6530 0011145 263.2955  96.6993 14.88067042115498
FLOCK 1C-7              
1 40026U 14033S   16218.19598761  .00000839  00000-0  95761-4 0  9999
2 40026  97.9316 124.6672 0010250 264.9085  95.0981 14.88737218115524
FLOCK 1C-1              
1 40027U 14033T   16218.01464459  .00000407  00000-0  50289-4 0  9994
2 40027  97.9333 124.2902 0011593 265.6927  94.2970 14.88162233115483
POPSAT-HIP-1            
1 40028U 14033U   16218.15192510  .00000144  00000-0  21827-4 0  9990
2 40028  97.9275 123.7745 0012564 261.4053  98.5730 14.87946402115478
FLOCK 1C-2              
1 40029U 14033V   16218.17459220  .00000486  00000-0  58953-4 0  9996
2 40029  97.9329 124.3466 0013057 261.3779  98.6000 14.88111258115495
FLOCK 1C-4              
1 40031U 14033X   16218.10576325  .00000333  00000-0  42288-4 0  9993
2 40031  97.9323 124.2964 0013360 259.2759 100.6973 14.88074697115471
QB50P2                  
1 40032U 14033Y   16218.16849299  .00000383  00000-0  48297-4 0  9994
2 40032  97.9223 123.0269 0010580 256.7276 103.2761 14.87633417115455
FLOCK 1C-11             
1 40033U 14033Z   16218.20517894  .00000749  00000-0  84755-4 0  9998
2 40033  97.9327 125.0232 0011016 252.9878 107.0112 14.89429212115544
ANTELSAT                
1 40034U 14033AA  16218.05795388  .00000205  00000-0  38636-4 0  9992
2 40034  97.8972 105.0713 0057968 228.3427 131.2827 14.73430269114374
FLOCK 1C-9              
1 40035U 14033AB  16218.17357187  .00000166  00000-0  24151-4 0  9990
2 40035  97.9349 124.5725 0010811 252.6276 107.3785 14.88151678115492
FLOCK 1C-6              
1 40036U 14033AC  16218.08211686  .00000061  00000-0  12690-4 0  9993
2 40036  97.9356 124.6038 0010841 254.7995 105.2018 14.88256997115499
PERSEUS-M2              
1 40037U 14033AD  16218.21895354  .00000130  00000-0  21124-4 0  9998
2 40037  97.9263 122.3288 0013043 259.4900 100.4846 14.86065860115383
FLOCK 1C-5              
1 40038U 14033AE  16218.15906679  .00000229  00000-0  30848-4 0  9997
2 40038  97.9340 124.5469 0013050 252.6784 107.2983 14.88290180115494
PERSEUS-M1              
1 40039U 14033AF  16218.20647043  .00000136  00000-0  22091-4 0  9999
2 40039  97.9276 122.0255 0012916 254.4195 105.5594 14.85692831115355
FLOCK 1C-8              
1 40040U 14033AG  16218.21554943  .00000502  00000-0  57772-4 0  9999
2 40040  97.9362 125.6709 0011719 242.5074 117.4957 14.90130246115561
FLOCK 1C-3              
1 40041U 14033AH  16218.05391988  .00000493  00000-0  59894-4 0  9996
2 40041  97.9353 124.3355 0011870 250.4733 109.5215 14.87955535115463
POLYITAN-1              
1 40042U 14033AJ  16218.17031378  .00000448  00000-0  55379-4 0  9998
2 40042  97.9311 123.4997 0013521 249.4696 110.5069 14.87636385115436
TIGRISAT                
1 40043U 14033AK  16218.22098761  .00000194  00000-0  36771-4 0  9997
2 40043  97.8954 105.7854 0059212 229.5239 130.0800 14.73786571114294
LEMUR-1                 
1 40044U 14033AL  16218.16435663  .00000192  00000-0  36526-4 0  9993
2 40044  97.8953 105.5668 0058347 230.5367 129.0672 14.73607243114278
AEROCUBE 6A             
1 40045U 14033AM  16218.20723594  .00000383  00000-0  64054-4 0  9991
2 40045  97.9029 106.1918 0057276 226.0614 133.5861 14.74426613114152
AEROCUBE 6B             
1 40046U 14033AN  16218.20730683  .00000384  00000-0  64241-4 0  9998
2 40046  97.9025 106.1478 0056545 225.7009 133.9556 14.74430149114291
UKUBE-1                 
1 40074U 14037F   16218.19176159  .00000277  00000-0  41140-4 0  9997
2 40074  98.3372 313.3344 0004820   6.4165 353.7117 14.83132468112333
BRITE-PL 2              
1 40119U 14049B   16218.19800145  .00000185  00000-0  28734-4 0  9991
2 40119  97.9586 299.4254 0018585  43.6935 316.5747 14.83958410106297
FIREBIRD 4              
1 40378U 15003C   16218.21090660  .00001772  00000-0  83506-4 0  9996
2 40378  99.0910 334.3731 0142663 328.2096  31.0575 15.12883515 83199
GRIFEX                  
1 40379U 15003D   16218.20549227  .00001371  00000-0  68488-4 0  9991
2 40379  99.0916 333.3650 0146921 332.2932  27.0519 15.11046088 83132
EXOCUBE                 
1 40380U 15003E   16217.97653293  .00001134  00000-0  59067-4 0  9995
2 40380  99.0944 332.4836 0149928 334.7466  24.6480 15.09837597 83051
DEORBITSAIL             
1 40719U 15032E   16217.23172182  .00000599  00000-0  95138-4 0  9998
2 40719  98.0112 108.4296 0018206  82.4909 277.8368 14.75612261 57573
FLOCK 1E-10             
1 40737U 98067GP  16218.17346986  .01243301  99452-3  12759-2 0  9995
2 40737  51.6191 121.0381 0002282 222.5644 137.5186 16.10294143 60896
FLOCK 1E-11             
1 40738U 98067GQ  16218.12263160  .01265846  10265-2  13458-2 0  9992
2 40738  51.6139 116.5089 0003364 241.0058 262.4369 16.09755652 60762
FLOCK 1E-12             
1 40739U 98067GR  16218.20006529  .01107756  11830-4  56492-3 0  9998
2 40739  51.6084 118.8813 0011168 239.5865 120.4293 16.19662335 60755
FLOCK 1E-13             
1 40740U 98067GS  16218.15439722  .00448793  97969-4  84488-3 0  9990
2 40740  51.5948 122.2029 0008030  71.2466  77.2631 16.00215087 60680
S-CUBE                  
1 40898U 98067GY  16217.76683188  .00083662  00000-0  45118-3 0  9990
2 40898  51.6320 147.3139 0004986  61.6510 298.5516 15.79408264 50391
TIANWANG 1C (TW-1C)     
1 40926U 15051B   16218.08976679  .00005173  00000-0  14402-3 0  9993
2 40926  97.2715 254.4894 0012583 227.2552 185.3056 15.37178427 48278
TIANWANG 1B (TW-1B)     
1 40927U 15051C   16218.07577435  .00004679  00000-0  13468-3 0  9991
2 40927  97.2811 254.5998 0012112 235.1034 177.0160 15.36194607 48252
TIANWANG 1A (TW-1A)     
1 40928U 15051D   16218.14138740  .00002313  00000-0  73432-4 0  9993
2 40928  97.2665 253.4257 0012416 248.9769 147.3651 15.33606738 48222
LEMUR-2-JOEL            
1 40932U 15052C   16218.07590718  .00000872  00000-0  31590-4 0  9995
2 40932   6.0079 324.7370 0013216  96.4335 263.7255 14.77204173 46186
LEMUR-2-CHRIS           
1 40933U 15052D   16217.97447035  .00000896  00000-0  34599-4 0  9995
2 40933   6.0062 324.8760 0013525  98.2825 261.8827 14.77348033 46177
LEMUR-2-JEROEN          
1 40934U 15052E   16218.06896539  .00001231  00000-0  82770-4 0  9992
2 40934   6.0087 326.9287 0010623  86.9167 273.2185 14.76650370 46130
LEMUR-2-PETER           
1 40935U 15052F   16217.16411742  .00001419  00000-0  10977-3 0  9999
2 40935   6.0090 333.9711 0010418  69.2053 290.9245 14.76442622 46003
EXACTVIEW 9             
1 40936U 15052G   16216.80335609  .00000738  00000-0  14635-4 0  9996
2 40936   6.0047 337.3801 0010979  63.1216 296.9951 14.76080587 45951
GOMX 3                  
1 40949U 98067HA  16218.00804614  .00100627  00000-0  39905-3 0  9992
2 40949  51.6287 140.6074 0003353  80.4407 279.6975 15.85920980 47795
FLOCK 2B-1              
1 40950U 98067HB  16218.17597884  .00115705  00000-0  38311-3 0  9993
2 40950  51.6301 137.9787 0004810 105.7043 254.4494 15.89508363 47765
FLOCK 2B-2              
1 40951U 98067HC  16218.17225299  .00122278  00000-0  44437-3 0  9991
2 40951  51.6278 138.6739 0003594  92.1046 268.0371 15.87627250 47753
FLOCK 2B-3              
1 40952U 98067HD  16218.21315901  .00075541  00000-0  30970-3 0  9994
2 40952  51.6347 140.5438 0003653  84.3910 275.7510 15.85341423 47717
FLOCK 2B-4              
1 40953U 98067HE  16218.16865424  .00075799  00000-0  33468-3 0  9999
2 40953  51.6348 141.7613 0003252  69.2165 290.9186 15.83788162 47694
FLOCK 2B-5              
1 40954U 98067HF  16218.19540417  .00104638  00000-0  35565-3 0  9990
2 40954  51.6292 138.1013 0004954  82.0397 278.1170 15.89026021 47738
FLOCK 2B-6              
1 40955U 98067HG  16218.14520707  .00292930  47966-4  51414-3 0  9996
2 40955  51.6208 134.5691 0001465 265.6666  94.4177 16.01546941 47773
FLOCK 2B-7              
1 40956U 98067HH  16218.18613180  .00138291  18212-4  43177-3 0  9997
2 40956  51.6306 136.5188 0004650  97.8387 262.3148 15.91265047 47700
FLOCK 2B-10             
1 40962U 98067HK  16218.14559922  .00092792  00000-0  37655-3 0  9994
2 40962  51.6296 140.8034 0005470  81.8613 278.3012 15.85462980 47568
FLOCK 2B-9              
1 40963U 98067HL  16218.19638418  .00068569  00000-0  30030-3 0  9993
2 40963  51.6344 141.1859 0005419  87.2686 272.8938 15.83986323 47561
FLOCK 2B-13             
1 40979U 98067HM  16218.04849011  .00082767  00000-0  36473-3 0  9990
2 40979  51.6345 142.4708 0006409  71.2417 288.9281 15.83774325 47433
FLOCK 2B-14             
1 40980U 98067HN  16218.14033974  .00140358  18619-4  40061-3 0  9994
2 40980  51.6309 135.4419 0004434  98.2792 261.8718 15.92983573 47530
ATHENOXAT 1             
1 41168U 15077C   16218.07151433  .00001860  00000-0  70907-4 0  9994
2 41168  14.9857 316.5055 0013269 319.6477 236.0606 15.10160567 35158
GALASSIA                
1 41170U 15077E   16218.07413773  .00002263  00000-0  92955-4 0  9990
2 41170  14.9894 314.8530 0014059 332.6795  27.2786 15.10774668 35171
VELOX 2                 
1 41171U 15077F   16217.61254931  .00001811  00000-0  71308-4 0  9996
2 41171  14.9920 322.7431 0009499 298.0662  61.8698 15.08864111 35064
AGGIESAT 4              
1 41313U 98067HP  16217.70097448  .00034713  00000-0  40847-3 0  9992
2 41313  51.6412 171.1057 0005700  38.0607 322.1311 15.60723350 29300
BEVO 2                  
1 41314U 98067HQ  16217.88728877  .00024021  00000-0  25530-3 0  9992
2 41314  51.6346 167.7482 0004454  49.7137 310.4247 15.63899828 29161
HORYU-IV                
1 41340U 16012D   16217.64799303  .00000714  00000-0  49008-4 0  9997
2 41340  31.0059 321.2084 0014232 178.2887 181.7799 15.00100472 25431
OUFTI-1                 
1 41458U 16025C   16217.40751654  .00000419  00000-0  28622-4 0  9993
2 41458  98.2023 230.6580 0175552 266.6581  91.4552 15.01308351 15011
E-ST@R-II               
1 41459U 16025D   16217.80774086  .00000341  00000-0  24350-4 0  9990
2 41459  98.2032 231.0769 0175053 265.1868  92.9348 15.01280385 15075
AAUSAT 4                
1 41460U 16025E   16217.99808976  .00002107  00000-0  12229-3 0  9991
2 41460  98.1994 231.2851 0174241 264.4806  93.6571 15.01562866 15106
DIWATA-1                
1 41463U 98067HT  16218.16616898  .00005863  00000-0  88855-4 0  9991
2 41463  51.6424 173.0426 0002472  79.1374 117.1411 15.56210628 15481
MINXSS                  
1 41474U 98067HU  16218.11283583  .00023567  00000-0  30159-3 0  9993
2 41474  51.6415 172.3608 0002330  18.1872 341.9204 15.59082626 12567
CADRE                   
1 41475U 98067HV  16218.13119078  .00045951  00000-0  53874-3 0  9993
2 41475  51.6398 171.7254 0003402  43.8687 316.2577 15.61033226 12572
STMSAT-1                
1 41476U 98067HW  16218.11207661  .00027797  00000-0  35263-3 0  9998
2 41476  51.6403 172.3511 0001907  28.5468 331.5629 15.59215070 12471
NODES 1                 
1 41477U 98067HX  16218.13956761  .00020115  00000-0  26761-3 0  9993
2 41477  51.6399 172.5334 0001669   8.4278 351.6742 15.58155997 12471
NODES 2                 
1 41478U 98067HY  16218.14122823  .00019737  00000-0  26317-3 0  9994
2 41478  51.6399 172.5436 0001657   9.6352 350.4672 15.58109576 12479
FLOCK 2E'-1             
1 41479U 98067HZ  16218.11258189  .00009427  00000-0  13293-3 0  9991
2 41479  51.6419 172.9179 0003762 132.8106 312.6531 15.57355535 12422
FLOCK 2E'-3             
1 41480U 98067JA  16218.10817458  .00009110  00000-0  12796-3 0  9998
2 41480  51.6424 172.8788 0002502 155.8990 295.4298 15.57509988 12423
FLOCK 2E'-2             
1 41481U 98067JB  16218.09900468  .00010310  00000-0  14232-3 0  9992
2 41481  51.6385 172.8119 0003489 134.8763 317.3907 15.57811847 12407
FLOCK 2E'-4             
1 41482U 98067JC  16218.11402454  .00011898  00000-0  16564-3 0  9990
2 41482  51.6416 172.9304 0002227 152.0329 293.5300 15.57409905 12409
FLOCK 2E-1              
1 41483U 98067JD  16218.12210988  .00007222  00000-0  10457-3 0  9992
2 41483  51.6420 172.9673 0000491  24.2126  68.5340 15.57050655 12273
FLOCK 2E-2              
1 41484U 98067JE  16218.10528641  .00008537  00000-0  12010-3 0  9996
2 41484  51.6426 172.8646 0000115 328.6934 120.9657 15.57558596 12271
LEMUR-2-THERESACONDOR   
1 41485U 98067JF  16218.14142544  .00031288  00000-0  39486-3 0  9990
2 41485  51.6444 172.3470 0003448 103.3343 348.9406 15.59284525 12247
FLOCK 2E-3              
1 41486U 98067JG  16218.12295514  .00008544  00000-0  12243-3 0  9996
2 41486  51.6414 172.9794 0001582  14.1277  74.0663 15.57061164 12301
FLOCK 2E-4              
1 41487U 98067JH  16218.11169493  .00008820  00000-0  12469-3 0  9999
2 41487  51.6430 172.8995 0001847   7.8955  82.5036 15.57381926 12307
LEMUR-2-NICK-ALLAIN     
1 41488U 98067JJ  16218.07604736  .00029156  00000-0  37162-3 0  9991
2 41488  51.6470 172.6792 0003369  76.6175   7.1890 15.59060969 12230
LEMUR-2-KANE            
1 41489U 98067JK  16218.06905684  .00025217  00000-0  31969-3 0  9990
2 41489  51.6435 172.6450 0002906  76.9054   0.2845 15.59288381 11488
LEMUR-2-JEFF            
1 41490U 98067JL  16218.14027605  .00039867  00000-0  50294-3 0  9997
2 41490  51.6448 172.3592 0001748 125.0151 326.0327 15.59177986 12242
FLOCK 2E-6              
1 41563U 98067JM  16216.77725650  .00004941  00000-0  73639-4 0  9994
2 41563  51.6417 179.7823 0003820 111.5214 318.2943 15.57077154 10159
FLOCK 2E-5              
1 41564U 98067JN  16218.06687635  .00007608  00000-0  10966-3 0  9995
2 41564  51.6428 173.3376 0003810 126.3368 331.4308 15.57090268 10342
FLOCK 2E-7              
1 41565U 98067JP  16218.12162958  .00010765  00000-0  15067-3 0  9994
2 41565  51.6418 172.9586 0004312  28.9014  63.8299 15.57379245 10253
FLOCK 2E-8              
1 41566U 98067JQ  16218.12538869  .00011515  00000-0  16075-3 0  9997
2 41566  51.6425 172.9805 0004447  38.7435  55.9297 15.57369903 10240
FLOCK 2E'-5             
1 41567U 98067JR  16218.07341905  .00008117  00000-0  11791-3 0  9999
2 41567  51.6428 173.4193 0005524  50.5997  26.3264 15.56766581 10217
FLOCK 2E'-6             
1 41568U 98067JS  16218.13341378  .00008756  00000-0  12485-3 0  9991
2 41568  51.6413 172.9966 0005172  48.6564  64.6117 15.57154401 10250
FLOCK 2E'-8             
1 41569U 98067JT  16218.11747296  .00009518  00000-0  13317-3 0  9991
2 41569  51.6409 172.9372 0000753 128.7811 324.2717 15.57552897 10131
FLOCK 2E'-7             
1 41570U 98067JU  16218.12366051  .00008795  00000-0  12442-3 0  9994
2 41570  51.6405 172.9608 0000574 132.6898 327.1754 15.57363230 10157
FLOCK 2E-9              
1 41571U 98067JV  16218.12291175  .00011584  00000-0  16138-3 0  9995
2 41571  51.6421 172.9645 0003651  34.4181  60.5314 15.57419782 10110
FLOCK 2E-10             
1 41572U 98067JW  16218.12231836  .00008163  00000-0  11558-3 0  9994
2 41572  51.6416 172.9635 0004447  43.9854  48.8326 15.57461228 10114
FLOCK 2E-12             
1 41573U 98067JX  16218.12301053  .00009503  00000-0  13355-3 0  9990
2 41573  51.6425 172.9798 0005108  56.3457  31.4793 15.57434034 10118
FLOCK 2E-11             
1 41574U 98067JY  16218.11327124  .00009351  00000-0  13036-3 0  9994
2 41574  51.6399 172.9073 0005353  52.9086  39.1375 15.57673026 10114
FLOCK 2E'-9             
1 41575U 98067JZ  16218.11375123  .00009283  00000-0  12954-3 0  9999
2 41575  51.6405 172.9227 0005443  75.2533  10.4005 15.57656039 10105
FLOCK 2E'-10            
1 41576U 98067KA  16218.12531671  .00009584  00000-0  13533-3 0  9991
2 41576  51.6411 172.9868 0006407  61.8390  26.0056 15.57286297 10000
FLOCK 2E'-11            
1 41577U 98067KB  16218.12496263  .00008849  00000-0  12481-3 0  9993
2 41577  51.6416 172.9770 0006137  44.6883  49.4154 15.57434304  9824
FLOCK 2E'-12            
1 41578U 98067KC  16218.13002815  .00010425  00000-0  14743-3 0  9997
2 41578  51.6421 173.0252 0004789  44.3355  44.7379 15.57140553  9827
LEMUR 2 DRMUZZ          
1 41595U 16019B   16218.09865685  .00022593  00000-0  28062-3 0  9998
2 41595  51.6402 172.2564 0003907 176.5768 183.5253 15.59896492  6966
LEMUR 2 BRIDGEMAN       
1 41596U 16019C   16218.14391984  .00041982  00000-0  48691-3 0  9994
2 41596  51.6396 171.8067 0004009 165.9545 194.1561 15.61352770  6959
LEMUR-2-NATE            
1 41597U 16019D   16217.76217032  .00021007  00000-0  24483-3 0  9992
2 41597  51.6389 173.7633 0003401 162.8561 197.3072 15.60985698  6919
LEMUR-2-CUBECHEESE      
1 41598U 16019E   16217.76199291  .00105412  00000-0  12213-2 0  9999
2 41598  51.6394 173.7579 0003254 165.4321 194.7287 15.61141256  6918
FLOCK 2P-6              
1 41606U 16040H   16218.12435782  .00001724  00000-0  83853-4 0  9993
2 41606  97.5027 277.0237 0013508  99.4186 260.8576 15.19692348  6661
FLOCK 2P-11             
1 41608U 16040K   16218.12477056  .00001171  00000-0  58099-4 0  9995
2 41608  97.5025 277.0220 0013600  99.7464 260.5307 15.19647875  6606
FLOCK 2P-2              
1 41609U 16040L   16218.12479878  .00001349  00000-0  66433-4 0  9998
2 41609  97.5030 277.0245 0013499  98.8200 261.4564 15.19646574  6581
FLOCK 2P-9              
1 41610U 16040M   16218.12483534  .00001178  00000-0  58430-4 0  9992
2 41610  97.5027 277.0227 0013535  99.2706 261.0060 15.19640924  6463
FLOCK 2P-4              
1 41611U 16040N   16218.12089038  .00001339  00000-0  65682-4 0  9990
2 41611  97.5049 277.0430 0013800 107.1214 253.1533 15.19786269  6620
FLOCK 2P-10             
1 41612U 16040P   16218.11916033  .00006262  00000-0  29360-3 0  9996
2 41612  97.5047 277.0481 0013693 107.4323 252.8410 15.19958062  6621
FLOCK 2P-8              
1 41613U 16040Q   16218.12008605  .00001199  00000-0  59101-4 0  9996
2 41613  97.5049 277.0447 0013653 106.8598 253.4135 15.19818776  6627
FLOCK 2P-12             
1 41614U 16040R   16218.11814338  .00006223  00000-0  29140-3 0  9996
2 41614  97.5054 277.0551 0013407 106.7143 253.5565 15.20006081  6620
FLOCK 2P-7              
1 41615U 16040S   16218.11888430  .00006114  00000-0  28686-3 0  9994
2 41615  97.5043 277.0452 0013620 107.5604 252.7120 15.19943177  6629
FLOCK 2P-5              
1 41616U 16040T   16218.11781692  .00002735  00000-0  13004-3 0  9990
2 41616  97.5055 277.0542 0013392 106.3374 253.9334 15.19976357  6604
FLOCK 2P-1              
1 41617U 16040U   16218.11754562  .00006404  00000-0  29961-3 0  9993
2 41617  97.5050 277.0542 0013245 107.1213 253.1473 15.20025966  6629
FLOCK 2P-3              
1 41618U 16040V   16218.12819063  .00004005  00000-0  18911-3 0  9991
2 41618  97.5041 277.0654 0012863 104.2101 314.7293 15.19947939  6628
