COSMOS 2419 (714)       
1 28915U 05050A   16217.53829507 -.00000017  00000-0  00000+0 0  9999
2 28915  65.3432  76.5326 0015826 356.3846 156.2678  2.13110949 82584
COSMOS 2425 (716)       
1 29670U 06062A   16217.79280874 -.00000048  00000-0  10000-3 0  9997
2 29670  65.6121 315.5212 0019700 345.7981  58.6629  2.13104979 74799
COSMOS 2426 (717)       
1 29671U 06062B   16218.12537885 -.00000049  00000-0  10000-3 0  9994
2 29671  65.6287 315.5943 0018756 164.7757 355.3769  2.13102956 74801
COSMOS 2424 (715)       
1 29672U 06062C   16217.23226747 -.00000049  00000-0  10000-3 0  9998
2 29672  65.6142 315.5504 0018171 163.9491 207.2483  2.13102389 74787
COSMOS 2433 (720)       
1 32275U 07052A   16217.66828597 -.00000018  00000-0  10000-3 0  9995
2 32275  65.3589  76.2997 0001043 282.8266 218.1640  2.13104782 68306
COSMOS 2432 (719)       
1 32276U 07052B   16218.14061520 -.00000021  00000-0  10000-3 0  9999
2 32276  65.3708  76.3493 0011607 345.5893 111.4778  2.13104227 68314
COSMOS 2434 (721)       
1 32393U 07065A   16218.03347014 -.00000048  00000-0  00000+0 0  9990
2 32393  65.2289 314.8139 0005110 126.0433 186.7795  2.13102910 67015
COSMOS 2436 (723)       
1 32395U 07065C   16217.51526295 -.00000048  00000-0  10000-3 0  9999
2 32395  65.2421 314.8742 0015285 354.6366  12.6593  2.13102945 66945
COSMOS 2443 (725)       
1 33379U 08046B   16217.16439718 -.00000016  00000-0  10000-3 0  9991
2 33379  65.2871  75.7285 0016762 180.8229 198.0892  2.13101084 61163
COSMOS 2456 (730)       
1 36111U 09070A   16217.06399297  .00000019  00000-0  00000+0 0  9999
2 36111  64.1832 194.4252 0006451 296.5097 162.3291  2.13102967 51662
COSMOS 2457 (733)       
1 36112U 09070B   16217.17143610  .00000020  00000-0  00000+0 0  9990
2 36112  64.1652 194.3473 0006794 189.8421 121.4508  2.13101655 51662
COSMOS 2458 (734)       
1 36113U 09070C   16217.30454850  .00000020  00000-0  10000-3 0  9992
2 36113  64.1712 194.3483 0002693 292.2381 168.7676  2.13101946 51673
COSMOS 2459 (731)       
1 36400U 10007A   16218.15070626 -.00000022  00000-0  10000-3 0  9995
2 36400  65.2670  75.4287 0028507 356.2299  19.7977  2.13102345 50042
COSMOS 2461 (735)       
1 36401U 10007B   16217.46281064 -.00000018  00000-0  10000-3 0  9994
2 36401  65.2606  75.4328 0007989  69.5275  49.3591  2.13102487 50023
COSMOS 2460 (732)       
1 36402U 10007C   16217.70560240 -.00000019  00000-0  10000-3 0  9999
2 36402  65.2502  75.4008 0001795  68.5352 278.3811  2.13101942 50022
COSMOS 2465 (737)       
1 37138U 10041B   16217.18011645 -.00000049  00000-0  00000+0 0  9994
2 37138  64.8296 314.9908 0036741 170.5360 250.8848  2.13093853 46094
COSMOS 2464 (736)       
1 37139U 10041C   16217.40055993 -.00000049  00000-0  00000+0 0  9994
2 37139  64.8367 314.9803 0021223  14.3604  40.6139  2.13102653 46102
COSMOS 2471 (701K)      
1 37372U 11009A   16218.15852367 -.00000022  00000-0  00000+0 0  9992
2 37372  65.2482  75.3334 0006653 230.9699 236.1595  2.13102814 42317
COSMOS 2474 (742)       
1 37829U 11055A   16217.15189899  .00000021  00000-0  00000+0 0  9990
2 37829  64.5080 194.8545 0010740 254.2412 133.2431  2.13101956 37669
COSMOS 2476 (744)       
1 37867U 11064A   16218.11581171  .00000027  00000-0  00000+0 0  9994
2 37867  64.4885 194.9018 0019682 248.4988 204.3216  2.13102012 37032
COSMOS 2477 (745)       
1 37868U 11064B   16218.09389177  .00000027  00000-0  00000+0 0  9994
2 37868  64.4962 194.9442 0017694 249.9595   5.3230  2.13101904 36988
COSMOS 2475 (743)       
1 37869U 11064C   16217.06561844  .00000020  00000-0  00000+0 0  9997
2 37869  64.5038 194.9668 0023063 273.5101 229.0756  2.13102160 36979
COSMOS 2485 (747)       
1 39155U 13019A   16217.21830810  .00000021  00000-0  00000+0 0  9999
2 39155  64.6575 194.8928 0019931 243.6233 285.7789  2.13102080 25487
COSMOS 2492 (754)       
1 39620U 14012A   16217.59855539 -.00000019  00000-0  10000-3 0  9999
2 39620  65.1380  75.3847 0015027 339.1053 155.3754  2.13103508 18448
COSMOS 2500 (755)       
1 40001U 14032A   16217.15670436 -.00000016  00000-0  00000+0 0  9991
2 40001  65.0788  75.4212 0004946 191.9508 187.2280  2.13103010 16655
COSMOS 2501 (702K)      
1 40315U 14075A   16217.11531925 -.00000052  00000-0  00000+0 0  9991
2 40315  64.6006 316.4328 0017909 231.0522 277.3757  2.13101695 13050
COSMOS 2514 (751)       
1 41330U 16008A   16217.53215022 -.00000019  00000-0  00000+0 0  9993
2 41330  64.8793  75.6316 0007809 208.6987 277.6680  2.13103591  3826
COSMOS 2516 (753)       
1 41554U 16032A   16218.09239997 -.00000051  00000-0  00000+0 0  9993
2 41554  64.7808 316.0857 0012272 217.5437 233.1942  2.13101541  1448
