SCD 1                   
1 22490U 93009B   16218.04267890  .00000233  00000-0  13936-4 0  9996
2 22490  24.9703  90.6356 0042899 237.5524 268.6051 14.44448030239849
TECHSAT 1B (GO-32)      
1 25397U 98043D   16217.07469173 -.00000014  00000-0  12591-4 0  9992
2 25397  98.5695 160.7809 0001314 147.7276 212.3983 14.23599138938670
SCD 2                   
1 25504U 98060A   16217.39301293  .00000229  00000-0  13791-4 0  9994
2 25504  24.9958 295.8031 0016993 269.9004 165.7871 14.43972274939101
LANDSAT 7               
1 25682U 99020A   16218.17732615 -.00000071  00000-0 -56854-5 0  9996
2 25682  98.2113 287.9084 0000712  89.8078 270.3231 14.57109894920576
DLR-TUBSAT              
1 25757U 99029B   16218.19582709  .00000098  00000-0  36138-4 0  9996
2 25757  98.4238 123.7196 0014382 181.3374 178.7783 14.51336481910632
QUIKSCAT                
1 25789U 99034A   16217.73457730 -.00000009  00000-0  14082-4 0  9998
2 25789  98.6087  45.3028 0000610 133.9964 226.1267 14.27253668892059
TERRA                   
1 25994U 99068A   16218.18819342  .00000010  00000-0  12236-4 0  9994
2 25994  98.2085 291.7938 0001103  66.2781 293.8559 14.57120519884654
EO-1                    
1 26619U 00075A   16218.15626939  .00000894  00000-0  17792-3 0  9995
2 26619  97.8746 255.7227 0010631  35.4051 324.7941 14.64285662837288
EROS A1                 
1 26631U 00079A   16189.05109989  .20884161  29118-5  17845-3 0  9994
2 26631  97.5215 309.5274 0021517 337.3677  22.8343 16.50691252866752
MAROC-TUBSAT            
1 27004U 01056D   16217.14139324 -.00000045  00000-0 -22554-5 0  9993
2 27004  99.3092   0.5646 0020749  81.4614 330.8077 13.70116597732633
AQUA                    
1 27424U 02022A   16217.80504729  .00000129  00000-0  38606-4 0  9996
2 27424  98.2010 157.5974 0002024  56.3241 357.3889 14.57113574758201
IRS-P6 (RESOURCESAT-1)  
1 28051U 03046A   16218.12318469 -.00000034  00000-0  41687-5 0  9990
2 28051  98.6576 294.3997 0004116 150.7431 209.3980 14.21652105664379
TANSUO 1 (TS 1)         
1 28220U 04012A   16216.89352664  .00001305  00000-0  11319-3 0  9997
2 28220  97.6512 171.8044 0012047 125.6091 234.6256 14.98731627668892
FORMOSAT-2 (ROCSAT 2)   
1 28254U 04018A   16218.08056898  .00000106  00000-0  10000-3 0  9997
2 28254  98.9280 280.2766 0000566 107.5122   4.4352 14.00716904624344
AURA                    
1 28376U 04026A   16217.18234204  .00000127  00000-0  38317-4 0  9995
2 28376  98.2009 159.1444 0001485  73.3145 286.8217 14.57111216641155
IRS-P5 (CARTOSAT-1)     
1 28649U 05017A   16218.14339724 -.00000192  00000-0 -16933-4 0  9993
2 28649  97.8959 290.8711 0002585  30.8709 329.2690 14.83428062609120
SINAH 1                 
1 28893U 05043D   16218.10707001  .00000022  00000-0  13295-4 0  9994
2 28893  97.8418  26.0157 0016663  72.0443 288.2574 14.61383760574283
EROS B                  
1 29079U 06014A   16218.17691182  .00002726  00000-0  10210-3 0  9995
2 29079  97.3259 336.6173 0005992 111.6398   8.7214 15.28110756570030
RESURS-DK 1             
1 29228U 06021A   16218.18698055  .00000135  00000-0  17717-4 0  9998
2 29228  69.9349 181.9312 0001885 131.9160 228.2161 15.01951749560659
ARIRANG-2 (KOMPSAT-2)   
1 29268U 06031A   16218.17233825  .00000118  00000-0  32748-4 0  9994
2 29268  98.1267 116.9705 0016842 278.1706  81.7598 14.62176417534811
LAPAN-TUBSAT            
1 29709U 07001A   16218.14751761  .00000025  00000-0  95247-5 0  9994
2 29709  97.6630 199.5191 0014199  50.0752 310.1705 14.81976819517170
CARTOSAT-2 (IRS-P7)     
1 29710U 07001B   16218.17115845  .00000101  00000-0  20858-4 0  9996
2 29710  97.9718 277.1173 0002743  81.4548 278.6987 14.78648555516491
HAIYANG-1B              
1 31113U 07010A   16218.12143569  .00000010  00000-0  20617-4 0  9997
2 31113  98.6065 271.5485 0014878  55.8102 304.4492 14.30142961486292
COSMO-SKYMED 1          
1 31598U 07023A   16218.15768772  .00000332  00000-0  48197-4 0  9990
2 31598  97.8752  40.7707 0001523  84.8277 275.3080 14.82161375495638
TERRASAR-X              
1 31698U 07026A   16217.80183296  .00000274  00000-0  13041-4 0  9992
2 31698  97.4473 223.9805 0001663  90.7582 269.4354 15.19149318506847
WORLDVIEW-1 (WV-1)      
1 32060U 07041A   16218.06485072 -.00000393  00000-0 -13346-4 0  9991
2 32060  97.4023 336.6606 0000148   8.7535  45.5517 15.24050004494093
YAOGAN 3                
1 32289U 07055A   16218.20026947 -.00000034  00000-0  24540-5 0  9997
2 32289  97.9863 215.1582 0001066  80.9819 279.1504 14.80719705471978
COSMO-SKYMED 2          
1 32376U 07059A   16218.12388978 -.00000311  00000-0 -32544-4 0  9995
2 32376  97.8751  40.7377 0001457  84.8181 275.3189 14.82164585468372
RADARSAT-2              
1 32382U 07061A   16218.18392639  .00000121  00000-0  63860-4 0  9992
2 32382  98.5754 224.3958 0001198  83.4497 345.3169 14.29984029451138
CARTOSAT-2A             
1 32783U 08021A   16218.14858907  .00000326  00000-0  51545-4 0  9999
2 32783  97.9727 277.1210 0011862 257.3266 102.6628 14.78667044446438
JASON 2 (OSTM)          
1 33105U 08032A   16217.81967804 -.00000053  00000-0  35263-4 0  9997
2 33105  66.0415  58.9040 0007709 267.8587 173.9144 12.80930645380073
RAPIDEYE 2              
1 33312U 08040A   16218.18716783 -.00000004  00000-0  62442-5 0  9991
2 33312  97.8512 300.9846 0011536 304.6854  55.3288 14.79933884428632
RAPIDEYE 5              
1 33313U 08040B   16218.14283564  .00000056  00000-0  14189-4 0  9994
2 33313  97.8366 298.6024 0016410 166.7588 193.4064 14.79940733428578
RAPIDEYE 1              
1 33314U 08040C   16218.19848743  .00000045  00000-0  12856-4 0  9993
2 33314  97.8463 300.5664 0023302 315.0642  44.8698 14.79943172428626
RAPIDEYE 3              
1 33315U 08040D   16218.16841441 -.00000010  00000-0  54562-5 0  9993
2 33315  97.8350 298.2539 0010271 247.8679 112.1447 14.79941796428585
RAPIDEYE 4              
1 33316U 08040E   16218.15442570  .00000004  00000-0  73054-5 0  9992
2 33316  97.8312 297.7606 0010692 185.3879 174.7223 14.79944030428577
HUANJING 1A (HJ-1A)     
1 33320U 08041A   16218.15169478  .00000123  00000-0  25011-4 0  9992
2 33320  97.9795 281.4130 0025710 326.9986  32.9634 14.76627339426148
HUANJING 1B (HJ-1B)     
1 33321U 08041B   16218.17295776  .00000149  00000-0  28663-4 0  9990
2 33321  97.9840 282.4245 0034531 342.6031  17.4002 14.76691529426133
GEOEYE 1                
1 33331U 08042A   16218.18231273 -.00000010  00000-0  72039-5 0  9990
2 33331  98.1462 291.5104 0009585 172.3639 187.7735 14.64085138422865
THEOS                   
1 33396U 08049A   16218.21694616 -.00000037  00000-0  33145-5 0  9990
2 33396  98.7198 284.7638 0000835  88.2516 339.4839 14.20035233406633
COSMO-SKYMED 3          
1 33412U 08054A   16218.11123140 -.00000169  00000-0 -14686-4 0  9998
2 33412  97.8752  40.7253 0001559  80.6299 279.5070 14.82163715420833
YAOGAN 4                
1 33446U 08061A   16218.17979937  .00000061  00000-0  15614-4 0  9993
2 33446  97.5892 228.0721 0014613 250.7628 109.2002 14.76392585413393
GOSAT (IBUKI)           
1 33492U 09002A   16218.13529422 -.00000006  00000-0  75178-5 0  9998
2 33492  98.1023 326.8355 0001339  92.6084 267.5278 14.67531875403475
YAOGAN 6                
1 34839U 09021A   16218.13675730  .00000842  00000-0  36180-4 0  9995
2 34839  97.1921 275.9580 0029411   4.9455 355.2068 15.24986942404410
DEIMOS-1                
1 35681U 09041A   16218.17032337  .00000145  00000-0  31225-4 0  9998
2 35681  97.9852 110.9859 0000224 198.0420 162.0782 14.71585984376666
DUBAISAT-1              
1 35682U 09041B   16218.13810963  .00000039  00000-0  14730-4 0  9998
2 35682  97.8414  86.4659 0013020  83.7534 276.5160 14.68479170375822
OCEANSAT 2              
1 35931U 09051A   16217.75099445  .00000095  00000-0  35326-4 0  9993
2 35931  98.3159 310.1857 0003725  85.2784 274.8836 14.50847334363575
WORLDVIEW-2 (WV-2)      
1 35946U 09055A   16218.05931008  .00000016  00000-0  19927-4 0  9999
2 35946  98.5413 291.0017 0000483 134.9471 225.1745 14.37726502358080
SMOS                    
1 36036U 09059A   16218.15617016  .00000058  00000-0  32324-4 0  9997
2 36036  98.4455  44.3493 0001311  84.8557 275.2781 14.39753328355139
YAOGAN 7                
1 36110U 09069A   16218.17302981 -.00000154  00000-0 -14677-4 0  9995
2 36110  98.1726   7.0653 0025396  45.4513 314.8759 14.75237128358298
TANDEM-X                
1 36605U 10030A   16217.60421577  .00000235  00000-0  14369-4 0  9990
2 36605  97.4467 223.7936 0001111  87.7049 272.4313 15.19157162339555
CARTOSAT 2B             
1 36795U 10035A   16218.18607279  .00000030  00000-0  11295-4 0  9992
2 36795  97.9705 277.1056 0014177 337.0077  23.0512 14.78636907327482
YAOGAN 10               
1 36834U 10038A   16218.15753603  .00000082  00000-0  17445-4 0  9999
2 36834  97.9127 212.3500 0000970  78.7199 281.4127 14.80731554323710
COSMO-SKYMED 4          
1 37216U 10060A   16218.14076409 -.00000275  00000-0 -28015-4 0  9991
2 37216  97.8755  40.7541 0001538  78.0222 282.1116 14.82163077310926
HAIYANG 2A              
1 37781U 11043A   16218.03862444 -.00000455  00000-0 -40491-3 0  9991
2 37781  99.3368 228.1156 0001537  91.5530 268.5817 13.78711481250410
RASAT                   
1 37791U 11044D   16218.15058987 -.00000017  00000-0  59753-5 0  9991
2 37791  98.1477 307.4870 0023012  37.6811 322.6000 14.64539455265516
MEGHA-TROPIQUES         
1 37838U 11058A   16218.20440900  .00000297  00000-0  18640-4 0  9992
2 37838  19.9768 253.0500 0009576 195.4741 164.5371 14.09689874248461
SRMSAT                  
1 37841U 11058D   16218.20895022  .00000312  00000-0  26148-4 0  9995
2 37841  19.9710 241.5392 0011711 209.8153 218.9893 14.10546290248610
YAOGAN 13               
1 37941U 11072A   16218.12040264  .00001028  00000-0  53952-4 0  9991
2 37941  97.4679 143.8058 0003454   9.0512 105.3409 15.17956056259711
PLEIADES 1A             
1 38012U 11076F   16218.15843540 -.00000014  00000-0  67934-5 0  9997
2 38012  98.1975 291.8342 0001227  87.7593 272.3755 14.58562101246797
ZIYUAN 1-02C (ZY 1-02C) 
1 38038U 11079A   16218.15946020  .00000025  00000-0  23442-4 0  9991
2 38038  98.3861 285.6861 0001234  52.1279 308.0027 14.35428942242168
ZIYUAN 3 (ZY 3)         
1 38046U 12001A   16218.14673663  .00000656  00000-0  32331-4 0  9992
2 38046  97.3261 287.7839 0002383  48.0287  35.5591 15.21298905253909
RISAT 1                 
1 38248U 12017A   16218.11617376 -.00001833  00000-0 -11226-3 0  9998
2 38248  97.5612 224.0490 0006447  50.2664  36.1946 15.08939978235572
ARIRANG-3 (KOMPSAT-3)   
1 38338U 12025B   16218.10739280  .00000039  00000-0  17391-4 0  9990
2 38338  98.1634 154.4941 0008613 239.5622 120.4729 14.61429296225012
KANOPUS-V 1             
1 38707U 12039A   16218.17726637  .00000353  00000-0  19669-4 0  9993
2 38707  97.4495 134.0641 0001823  86.7350  41.5073 15.19802488224056
EXACTVIEW-1 (ADS-1B)    
1 38709U 12039C   16218.06238127 -.00000010  00000-0  15956-4 0  9991
2 38709  99.0508 178.3869 0012064  79.1897 281.0638 14.23892756209844
SPOT 6                  
1 38755U 12047A   16218.10614833 -.00000032  00000-0  29096-5 0  9993
2 38755  98.1812 284.4080 0001008  74.5767 285.5528 14.58571734207863
PLEIADES 1B             
1 39019U 12068A   16218.19272343 -.00000005  00000-0  88657-5 0  9993
2 39019  98.2000 291.9136 0001236  82.3648 277.7695 14.58562384195652
GOKTURK 2               
1 39030U 12073A   16218.18596570  .00000031  00000-0  13633-4 0  9991
2 39030  98.0278 110.1764 0013842  86.0559 274.2231 14.68990088194099
LANDSAT 8               
1 39084U 13008A   16218.14118937  .00000064  00000-0  24293-4 0  9992
2 39084  98.2209 287.2186 0001400  96.4259 263.7099 14.57110162185031
SARAL                   
1 39086U 13009A   16217.78780354 -.00000012  00000-0  11670-4 0  9991
2 39086  98.5413  44.3359 0002276  94.6964 265.4480 14.31975565179823
GAOFEN 1                
1 39150U 13018A   16218.17734280  .00000029  00000-0  11605-4 0  9999
2 39150  97.9757 300.2887 0018618 358.9291   1.1880 14.76498790176617
VNREDSAT 1              
1 39160U 13021B   16218.20536266  .00000052  00000-0  19254-4 0  9996
2 39160  98.1151 293.8630 0001256  77.5201 282.6151 14.62970309173404
ARIRANG-5 (KOMPSAT-5)   
1 39227U 13042A   16218.16544005 -.00000385  00000-0 -23242-4 0  9991
2 39227  97.6038  42.0865 0001987  80.4376  54.2688 15.04513224162173
YAOGAN 18               
1 39363U 13059A   16218.12626009  .00001663  00000-0  85401-4 0  9994
2 39363  97.4312 287.1478 0001169  78.3523   8.8630 15.17872064153379
SKYSAT-1                
1 39418U 13066C   16218.20293837 -.00000322  00000-0 -21997-4 0  9994
2 39418  97.7274 298.9379 0020376 266.9483  92.9414 14.98211803147767
DUBAISAT-2              
1 39419U 13066D   16218.09778830 -.00000056  00000-0  92277-7 0  9998
2 39419  97.7132 291.4657 0012826 237.0470 122.9743 14.93369845147320
GPM-CORE                
1 39574U 14009C   16218.21933665  .00005065  00000-0  77544-4 0  9992
2 39574  65.0105 274.3118 0011458 286.4670  73.5217 15.55588406138379
SENTINEL-1A             
1 39634U 14016A   16218.14440989 -.00000122  00000-0 -16223-4 0  9999
2 39634  98.1821 224.3043 0001339  77.2015 282.9343 14.59196228124603
KAZEOSAT 1              
1 39731U 14024A   16218.14785795 -.00000022  00000-0  65757-5 0  9998
2 39731  98.4492 295.0297 0001052  76.4577 283.6733 14.41988289119343
ALOS-2                  
1 39766U 14029A   16218.20195201  .00000080  00000-0  17543-4 0  9997
2 39766  97.9220 314.0712 0001429  78.3146 281.8198 14.79473659118883
KAZEOSAT 2              
1 40010U 14033A   16218.15955489  .00000051  00000-0  13157-4 0  9997
2 40010  97.9179 117.6890 0015887 222.3780 137.6214 14.82053085115135
HODOYOSHI-4             
1 40011U 14033B   16218.18825954  .00000109  00000-0  20999-4 0  9990
2 40011  97.9131 115.1635 0025910 215.6878 144.2608 14.80717428114995
DEIMOS-2                
1 40013U 14033D   16218.18258760  .00000223  00000-0  32685-4 0  9999
2 40013  97.9043 119.2073 0000556  35.5357 324.5910 14.84688695115313
HODOYOSHI-3             
1 40015U 14033F   16218.19102608  .00000147  00000-0  27379-4 0  9990
2 40015  97.9065 111.7368 0036251 217.4908 142.3775 14.78086242114796
SPOT 7                  
1 40053U 14034A   16218.14042044 -.00000046  00000-0  00000+0 0  9991
2 40053  98.1959 284.3792 0000975  78.7473 281.3843 14.58546062111808
SKYSAT-2                
1 40072U 14037D   16218.19389727  .00000009  00000-0  85152-5 0  9997
2 40072  98.3300 311.0794 0006666 354.8125   5.3024 14.80858110112212
WORLDVIEW-3 (WV-3)      
1 40115U 14048A   16218.18810943  .00000034  00000-0  10340-4 0  9999
2 40115  97.9003 295.7875 0000895  83.9340 276.2006 14.84680081107217
YAOGAN 21               
1 40143U 14053A   16218.20530360  .00001103  00000-0  47181-4 0  9992
2 40143  97.3475 291.9900 0011172 225.3095 150.7099 15.24868490106259
YAOGAN 22               
1 40275U 14063A   16218.09059307 -.00000044  00000-0  00000+0 0  9991
2 40275 100.3868 331.2296 0006750  76.0821 284.1037 13.15311722 86087
ASNARO                  
1 40298U 14070A   16218.12848080  .00001273  00000-0  63094-4 0  9993
2 40298  97.4333 299.5050 0001598  96.5963 323.5091 15.19529946 96868
HODOYOSHI-1             
1 40299U 14070B   16218.19172655  .00000812  00000-0  39180-4 0  9996
2 40299  97.4294 299.4291 0014885 116.1899 302.1398 15.21443630 96884
CHUBUSAT-1              
1 40300U 14070C   16218.12264625  .00000906  00000-0  45048-4 0  9995
2 40300  97.4242 297.4523 0022309 124.2806 299.7020 15.19963274 96762
QSAT-EOS                
1 40301U 14070D   16218.16354751  .00001888  00000-0  86412-4 0  9990
2 40301  97.4188 296.8888 0030370 124.3610 292.2872 15.21353661 96758
TSUBAME                 
1 40302U 14070E   16218.16237785  .00000818  00000-0  45869-4 0  9991
2 40302  97.4128 292.4164 0041679 138.8543 276.7972 15.15423229 96479
YAOGAN 23               
1 40305U 14071A   16218.14017515  .00000977  00000-0  51155-4 0  9991
2 40305  97.3945 156.5811 0002554  68.2411 347.4133 15.18094934 95481
YAOGAN 24               
1 40310U 14072A   16218.19438218  .00000068  00000-0  16946-4 0  9990
2 40310  97.9725 335.6035 0017503  12.9056 347.2610 14.77001686 92074
CBERS-4                 
1 40336U 14079A   16218.16997588 -.00000010  00000-0  11528-4 0  9991
2 40336  98.4885 292.5858 0000705  79.8577 280.2698 14.35445997 87072
RESURS P2               
1 40360U 14087A   16218.18993767  .00001852  00000-0  62109-4 0  9999
2 40360  97.2858 311.2293 0007819 162.2526 285.2206 15.32142892 90005
YAOGAN 26               
1 40362U 14088A   16218.14260314  .00001375  00000-0  55588-4 0  9996
2 40362  97.3857 295.2773 0002721 354.3097  93.5280 15.26425618 89547
SMAP                    
1 40376U 15003A   16218.01348731  .00000046  00000-0  17936-4 0  9994
2 40376  98.1219 224.3662 0001548  88.9507 271.1876 14.63365046 80651
KOMPSAT 3A              
1 40536U 15014A   16218.11824586  .00000743  00000-0  46905-4 0  9994
2 40536  97.5571 157.1306 0010052   9.1276 116.6434 15.12089413 75281
SENTINEL-2A             
1 40697U 15028A   16218.16559785  .00000131  00000-0  66525-4 0  9999
2 40697  98.5652 291.6722 0001163  95.7214 264.4136 14.30819009 58500
CARBONITE 1 (CBNT-1)    
1 40718U 15032D   16217.30580623  .00000098  00000-0  22334-4 0  9990
2 40718  98.0041 107.7893 0018336  76.2188 284.1030 14.74437946 57551
YAOGAN 27               
1 40878U 15040A   16218.02908021 -.00000045  00000-0  00000+0 0  9996
2 40878 100.4458 277.6308 0008333 208.1971 151.8692 13.15949331 45234
LAPAN-A2                
1 40931U 15052B   16218.05256217  .00000652  00000-0  18704-5 0  9994
2 40931   6.0003 326.7214 0012758  88.6267 271.5449 14.76471569 46162
YAOGAN 28               
1 41026U 15064A   16218.20356575  .00001424  00000-0  51271-4 0  9991
2 41026  97.2780 345.6156 0010362  18.9420  99.7663 15.30161722 41434
YAOGAN 29               
1 41038U 15069A   16218.13313411  .00000064  00000-0  15096-4 0  9997
2 41038  97.8627 199.9835 0001512  98.4567 261.6818 14.80323847 37326
KENT RIDGE 1            
1 41167U 15077B   16217.57412917  .00000958  00000-0  19023-4 0  9993
2 41167  14.9890 323.1470 0011985 303.9318 157.3839 15.08434472 35050
TELEOS 1                
1 41169U 15077D   16217.99907407  .00001358  00000-0  43551-4 0  9992
2 41169  14.9817 319.7727 0010433 307.3308  28.7335 15.08726660 35113
JASON-3                 
1 41240U 16002A   16217.80290719 -.00000047  00000-0  60101-4 0  9997
2 41240  66.0415  59.2805 0007579 266.7605  93.2543 12.80930584 25625
SENTINEL-3A             
1 41335U 16011A   16218.15382688  .00000005  00000-0  20252-4 0  9994
2 41335  98.6230 284.1091 0001017  90.6566 269.4731 14.26737360 24290
SENTINEL-1B             
1 41456U 16025A   16218.17820460 -.00000031  00000-0  31432-5 0  9993
2 41456  98.1820 224.1637 0001345  84.5383 275.5972 14.59197813 14773
ZIYUAN 3-2              
1 41556U 16033A   16218.12411685  .00000840  00000-0  40720-4 0  9999
2 41556  97.4971 291.0320 0001095  96.1374 351.1456 15.21255321 10195
NUSAT 1 (FRESCO)        
1 41557U 16033B   16218.17473782  .00001589  00000-0  65444-4 0  9992
2 41557  97.4970 291.4162 0015997  45.5878  45.7987 15.25526412 10221
NUSAT 2 (BATATA)        
1 41558U 16033C   16218.18105191  .00001570  00000-0  64972-4 0  9995
2 41558  97.4987 291.4273 0015620  44.0255  48.1399 15.25386985 10222
CARTOSAT-2C             
1 41599U 16040A   16218.09338661  .00000659  00000-0  34907-4 0  9990
2 41599  97.5044 276.9462 0016526  91.2838 326.5389 15.18796542  6668
SKYSAT-C1               
1 41601U 16040C   16217.80428896 -.00000005  00000-0  30105-5 0  9995
2 41601  97.5075 276.7190 0010733 105.4267 254.8140 15.19951556  6623
LAPAN-A3                
1 41603U 16040E   16218.15526527  .00000326  00000-0  18796-4 0  9992
2 41603  97.5083 277.0536 0015276  94.1929 350.2308 15.19079469  6674
