SARSAT 7 (NOAA 15)      
1 25338U 98030A   16218.48817608  .00000026  00000-0  29621-4 0  9993
2 25338  98.7837 222.7384 0011486  47.6356 312.5794 14.25745248948019
GPS BIIR-07             
1 26690U 01004A   16218.57601407  .00000001  00000-0  00000+0 0  9996
2 26690  53.0069 171.0186 0174937 253.2612 162.7111  2.00559329113687
METEOSAT-8 (MSG-1)      
1 27509U 02040B   16218.10714064  .00000098  00000-0  00000+0 0  9996
2 27509   4.2864  59.5591 0000854 146.0092 164.8565  1.00401102 51125
GPS BIIR-08             
1 27663U 03005A   16218.34262168 -.00000092  00000-0  00000+0 0  9993
2 27663  56.7688 357.1806 0086048  20.9098 315.8762  2.00579655 99043
INSAT 3A                
1 27714U 03013A   16217.99077223 -.00000282  00000-0  00000+0 0  9996
2 27714   0.1020 269.5509 0006193 190.1317 304.4675  1.00271773 48822
GPS BIIR-11             
1 28190U 04009A   16218.41999804 -.00000061  00000-0  00000+0 0  9992
2 28190  55.8219  58.4384 0105107  46.9184 140.3391  2.00569449 90717
GPS BIIR-12             
1 28361U 04023A   16218.51251862  .00000015  00000-0  00000+0 0  9992
2 28361  54.1840 232.8316 0112682 215.2578 312.2025  2.00567634 88801
GPS BIIR-13             
1 28474U 04045A   16218.49895737 -.00000033  00000-0  00000+0 0  9994
2 28474  54.0717 110.6803 0160384 240.3343 280.5157  2.00570832 86167
SARSAT 10 (NOAA 18)     
1 28654U 05018A   16218.51300021  .00000033  00000-0  43582-4 0  9991
2 28654  99.1974 226.7272 0013412 234.4731 125.5189 14.12297487577699
GPS BIIR-14M            
1 28874U 05038A   16218.42236463 -.00000063  00000-0  00000+0 0  9992
2 28874  55.9866  55.6542 0112516 249.9828 322.3547  2.00557664 79563
MSG-2                   
1 28912U 05049B   16218.30855956  .00000039  00000-0  00000+0 0  9990
2 28912   1.5898  68.8208 0000246 299.5512  66.2369  1.00274828 38951
GOES 13                 
1 29155U 06018A   16217.33786473 -.00000276  00000-0  00000+0 0  9990
2 29155   0.0840 261.8346 0003515 196.9672 261.2178  1.00280203 37384
SARSAT 11 (METOP-A)     
1 29499U 06044A   16217.90701256  .00000012  00000-0  25376-4 0  9994
2 29499  98.6919 276.1437 0001663  49.1776  58.3425 14.21499613508209
GPS BIIR-16M            
1 29601U 06052A   16218.18429966 -.00000093  00000-0  00000+0 0  9996
2 29601  56.7398 356.1095 0059186  43.3957 317.0661  2.00562961 71190
GPS BIIR-17M            
1 32260U 07047A   16217.99740114  .00000014  00000-0  00000+0 0  9997
2 32260  53.3125 229.4795 0081736  26.5476 333.8934  2.00567032 64577
GPS BIIR-18M            
1 32384U 07062A   16218.07977295 -.00000061  00000-0  00000+0 0  9996
2 32384  56.0434  56.2288 0007002 344.6030 212.2119  2.00552514 63308
SARSAT 12 (NOAA 19)     
1 33591U 09005A   16218.54537501  .00000076  00000-0  66353-4 0  9993
2 33591  99.0440 175.7337 0015121  80.5382 279.7497 14.12094372386104
GOES 14                 
1 35491U 09033A   16217.42020386 -.00000116  00000-0  00000+0 0  9997
2 35491   0.3341  96.6357 0005194 105.5481 157.7742  1.00272306 26028
GOES 15                 
1 36411U 10008A   16217.50353395  .00000060  00000-0  00000+0 0  9999
2 36411   0.2692  97.5894 0000562 121.3037 141.0831  1.00284772 23552
ELEKTRO-L 1             
1 37344U 11001A   16218.17490933  .00000069  00000-0  00000+0 0  9992
2 37344   1.7982  79.1878 0034166  81.2123 246.5078  0.99713622 20336
GLONASS-K 1             
1 37372U 11009A   16218.15852367 -.00000022  00000-0  00000+0 0  9992
2 37372  65.2482  75.3334 0006653 230.9699 236.1595  2.13102814 42317
GPS BIIF-2              
1 37753U 11036A   16218.26253579 -.00000028  00000-0  00000+0 0  9993
2 37753  55.2864 113.3847 0056588  27.3184  88.7178  2.00567626 37004
GSAT0101 (GALILEO-PFM)  
1 37846U 11060A   16215.69612358 -.00000043  00000-0  00000+0 0  9998
2 37846  55.5858  80.6461 0003032 356.9171   3.1675  1.70473979 29786
GSAT0102 (GALILEO-FM2)  
1 37847U 11060B   16215.83977466 -.00000043  00000-0  00000-0 0  9990
2 37847  55.5863  80.6410 0003350 325.1766 164.4363  1.70474309 29668
LUCH 5A                 
1 37951U 11074B   16218.52191439 -.00000069  00000-0  00000+0 0  9995
2 37951   1.6822 210.1689 0003419 272.3987 186.7650  1.00272013 17061
MSG-3                   
1 38552U 12035B   16218.12748257 -.00000029  00000-0  00000+0 0  9999
2 38552   0.5108  13.0867 0001698 195.4042 151.4819  1.00271900 15097
SARSAT 13 (METOP-B)     
1 38771U 12049A   16218.14005633  .00000001  00000-0  20735-4 0  9994
2 38771  98.7258 276.8035 0002234  83.6809 304.8774 14.21477452201376
GPS BIIF-3              
1 38833U 12053A   16218.08856945 -.00000043  00000-0  00000+0 0  9996
2 38833  54.3561 291.6005 0044233  20.7342 339.5172  2.00556075 28086
GSAT0103 (GALILEO-FM3)  
1 38857U 12055A   16215.74108797  .00000024  00000-0  00000+0 0  9997
2 38857  54.9324 200.8554 0005225 242.8133 117.1033  1.70473751 23704
GSAT0104 (GALILEO-FM4)  
1 38858U 12055B   16216.26209701  .00000023  00000-0  00000-0 0  9993
2 38858  54.9329 200.8400 0004194 244.3842 115.5396  1.70473874 23708
GPS BIIF-4              
1 39166U 13023A   16217.94970754 -.00000064  00000-0  00000+0 0  9996
2 39166  55.6966  52.7908 0037181  16.1743 343.9985  2.00567055 23609
INSAT-3D                
1 39216U 13038B   16217.90006867 -.00000181  00000-0  00000+0 0  9999
2 39216   0.1152 272.3998 0000247  17.5158  70.0623  1.00273019 11173
GPS BIIF-5              
1 39533U 14008A   16217.94444363 -.00000049  00000-0  00000+0 0  9993
2 39533  54.5117 296.8502 0023485 184.4360 175.6104  2.00574921 17976
LUCH 5V                 
1 39727U 14023A   16217.80010481 -.00000291  00000-0  00000+0 0  9999
2 39727   3.3172 299.7051 0002115 230.4773 166.3663  1.00270672526395
GPS BIIF-6              
1 39741U 14026A   16217.23177786 -.00000029  00000-0  00000+0 0  9996
2 39741  55.2756 112.9434 0005128 277.8840  82.1105  2.00555833 16232
GPS BIIF-7              
1 40105U 14045A   16217.81498694  .00000017  00000-0  00000+0 0  9997
2 40105  54.7043 232.5964 0003417 146.8980 213.1559  2.00547293 14707
GSAT0201 (GALILEO 5)    
1 40128U 14050A   16217.66280921 -.00000009  00000-0  10000-3 0  9990
2 40128  50.1149  57.9095 1597753  52.4532 321.1429  1.85516841 13409
GSAT0202 (GALILEO 6)    
1 40129U 14050B   16217.39247845 -.00000082  00000-0  00000+0 0  9995
2 40129  50.1724  56.9054 1598104  53.5429 320.2649  1.85519349 13591
GPS BIIF-8              
1 40294U 14068A   16218.19259069  .00000002  00000-0  00000+0 0  9998
2 40294  54.9711 173.0652 0003598 285.0060  74.9171  2.00566223 12927
GLONASS-K 2             
1 40315U 14075A   16218.32673234 -.00000052  00000-0  00000+0 0  9995
2 40315  64.6006 316.3905 0017972 231.0705 126.7094  2.13101702 13075
GPS BIIF-9              
1 40534U 15013A   16218.33591351 -.00000095  00000-0  00000+0 0  9998
2 40534  55.0266 352.5554 0009228 349.3362  10.6452  2.00577560  9999
GSAT0203 (GALILEO 7)    
1 40544U 15017A   16216.65413021 -.00000044  00000-0  00000+0 0  9997
2 40544  55.3752  80.9561 0001630 207.0441 153.0342  1.70475015  8414
GSAT0204 (GALILEO 8)    
1 40545U 15017B   16216.43749051 -.00000044  00000-0  00000-0 0  9990
2 40545  55.3809  80.9717 0002115 129.9900 230.1154  1.70475269  8411
GPS BIIF-10             
1 40730U 15033A   16217.49262303 -.00000063  00000-0  00000+0 0  9991
2 40730  55.2328  52.6236 0018764 297.3887  62.4753  2.00557380  7739
GSAT0205 (GALILEO 9)    
1 40889U 15045A   16215.50046544 -.00000081  00000-0  00000-0 0  9997
2 40889  57.2288 320.7953 0001161 351.5086   8.5104  1.70475111  5548
GSAT0206 (GALILEO 10)   
1 40890U 15045B   16216.30707191 -.00000079  00000-0  00000+0 0  9996
2 40890  57.2272 320.7707 0000571 224.4044 135.6160  1.70475145  5581
GPS BIIF-11             
1 41019U 15062A   16218.04320569  .00000000  00000-0  00000+0 0  9995
2 41019  54.9841 172.8450 0017470 208.5661 151.3009  2.00562542  5563
GSAT0209 (GALILEO 12)   
1 41174U 15079A   16217.06710097  .00000022  00000-0  00000+0 0  9999
2 41174  54.9445 200.5031 0006524 277.7320  82.1578  1.70473610  3919
GSAT0208 (GALILEO 11)   
1 41175U 15079B   16217.28703223  .00000071  00000-0  10000-3 0  9996
2 41175  54.9429 200.4983 0005652 275.1798  84.7253  1.70476767  3924
GPS BIIF-12             
1 41328U 16007A   16217.63132343  .00000018  00000-0  00000+0 0  9992
2 41328  54.9666 232.7036 0008164 239.4389 120.5142  2.00568316  3612
