ISS (ZARYA)             
1 25544U 98067A   16218.21921296  .00001965  00000-0  35925-4 0  9999
2 25544  51.6440 173.3762 0002033 101.7609 106.3566 15.54919649 12613
TIANGONG 1              
1 37820U 11053A   16218.17756282  .00009779  00000-0  10267-3 0  9997
2 37820  42.7642 313.9270 0014527  16.3914  60.5196 15.64396046278250
SPINSAT                 
1 40314U 98067FL  16217.85324400  .00028696  00000-0  14880-3 0  9990
2 40314  51.6343 125.2651 0002833 226.9901 133.0863 15.80779448147800
FLOCK 1E-10             
1 40737U 98067GP  16218.17346986  .01243301  99452-3  12759-2 0  9995
2 40737  51.6191 121.0381 0002282 222.5644 137.5186 16.10294143 60896
FLOCK 1E-11             
1 40738U 98067GQ  16218.12263160  .01265846  10265-2  13458-2 0  9992
2 40738  51.6139 116.5089 0003364 241.0058 262.4369 16.09755652 60762
FLOCK 1E-12             
1 40739U 98067GR  16218.20006529  .01107756  11830-4  56492-3 0  9998
2 40739  51.6084 118.8813 0011168 239.5865 120.4293 16.19662335 60755
FLOCK 1E-13             
1 40740U 98067GS  16218.15439722  .00448793  97969-4  84488-3 0  9990
2 40740  51.5948 122.2029 0008030  71.2466  77.2631 16.00215087 60680
S-CUBE                  
1 40898U 98067GY  16217.76683188  .00083662  00000-0  45118-3 0  9990
2 40898  51.6320 147.3139 0004986  61.6510 298.5516 15.79408264 50391
AGGIESAT 4              
1 41313U 98067HP  16217.70097448  .00034713  00000-0  40847-3 0  9992
2 41313  51.6412 171.1057 0005700  38.0607 322.1311 15.60723350 29300
BEVO 2                  
1 41314U 98067HQ  16217.88728877  .00024021  00000-0  25530-3 0  9992
2 41314  51.6346 167.7482 0004454  49.7137 310.4247 15.63899828 29161
SOYUZ-TMA 20M           
1 41391U 16018A   16216.40707874  .00000942  00000-0  20921-4 0  9990
2 41391  51.6434 182.4209 0002138  99.2433  38.3669 15.54907567 12336
PROGRESS-MS 02          
1 41436U 16022A   16216.40707874  .00000942  00000-0  20921-4 0  9995
2 41436  51.6434 182.4209 0002138  99.2433  38.3669 15.54907567 12336
MINXSS                  
1 41474U 98067HU  16218.11283583  .00023567  00000-0  30159-3 0  9993
2 41474  51.6415 172.3608 0002330  18.1872 341.9204 15.59082626 12567
CADRE                   
1 41475U 98067HV  16218.13119078  .00045951  00000-0  53874-3 0  9993
2 41475  51.6398 171.7254 0003402  43.8687 316.2577 15.61033226 12572
STMSAT-1                
1 41476U 98067HW  16218.11207661  .00027797  00000-0  35263-3 0  9998
2 41476  51.6403 172.3511 0001907  28.5468 331.5629 15.59215070 12471
NODES 1                 
1 41477U 98067HX  16218.13956761  .00020115  00000-0  26761-3 0  9993
2 41477  51.6399 172.5334 0001669   8.4278 351.6742 15.58155997 12471
NODES 2                 
1 41478U 98067HY  16218.14122823  .00019737  00000-0  26317-3 0  9994
2 41478  51.6399 172.5436 0001657   9.6352 350.4672 15.58109576 12479
FLOCK 2E'-1             
1 41479U 98067HZ  16218.11258189  .00009427  00000-0  13293-3 0  9991
2 41479  51.6419 172.9179 0003762 132.8106 312.6531 15.57355535 12422
FLOCK 2E'-3             
1 41480U 98067JA  16218.10817458  .00009110  00000-0  12796-3 0  9998
2 41480  51.6424 172.8788 0002502 155.8990 295.4298 15.57509988 12423
FLOCK 2E'-2             
1 41481U 98067JB  16218.09900468  .00010310  00000-0  14232-3 0  9992
2 41481  51.6385 172.8119 0003489 134.8763 317.3907 15.57811847 12407
FLOCK 2E'-4             
1 41482U 98067JC  16218.11402454  .00011898  00000-0  16564-3 0  9990
2 41482  51.6416 172.9304 0002227 152.0329 293.5300 15.57409905 12409
FLOCK 2E-1              
1 41483U 98067JD  16218.12210988  .00007222  00000-0  10457-3 0  9992
2 41483  51.6420 172.9673 0000491  24.2126  68.5340 15.57050655 12273
FLOCK 2E-2              
1 41484U 98067JE  16218.10528641  .00008537  00000-0  12010-3 0  9996
2 41484  51.6426 172.8646 0000115 328.6934 120.9657 15.57558596 12271
LEMUR-2-THERESACONDOR   
1 41485U 98067JF  16218.14142544  .00031288  00000-0  39486-3 0  9990
2 41485  51.6444 172.3470 0003448 103.3343 348.9406 15.59284525 12247
FLOCK 2E-3              
1 41486U 98067JG  16218.12295514  .00008544  00000-0  12243-3 0  9996
2 41486  51.6414 172.9794 0001582  14.1277  74.0663 15.57061164 12301
FLOCK 2E-4              
1 41487U 98067JH  16218.11169493  .00008820  00000-0  12469-3 0  9999
2 41487  51.6430 172.8995 0001847   7.8955  82.5036 15.57381926 12307
LEMUR-2-NICK-ALLAIN     
1 41488U 98067JJ  16218.07604736  .00029156  00000-0  37162-3 0  9991
2 41488  51.6470 172.6792 0003369  76.6175   7.1890 15.59060969 12230
LEMUR-2-KANE            
1 41489U 98067JK  16218.06905684  .00025217  00000-0  31969-3 0  9990
2 41489  51.6435 172.6450 0002906  76.9054   0.2845 15.59288381 11488
LEMUR-2-JEFF            
1 41490U 98067JL  16218.14027605  .00039867  00000-0  50294-3 0  9997
2 41490  51.6448 172.3592 0001748 125.0151 326.0327 15.59177986 12242
FLOCK 2E-6              
1 41563U 98067JM  16216.77725650  .00004941  00000-0  73639-4 0  9994
2 41563  51.6417 179.7823 0003820 111.5214 318.2943 15.57077154 10159
FLOCK 2E-5              
1 41564U 98067JN  16218.06687635  .00007608  00000-0  10966-3 0  9995
2 41564  51.6428 173.3376 0003810 126.3368 331.4308 15.57090268 10342
FLOCK 2E-7              
1 41565U 98067JP  16218.12162958  .00010765  00000-0  15067-3 0  9994
2 41565  51.6418 172.9586 0004312  28.9014  63.8299 15.57379245 10253
FLOCK 2E-8              
1 41566U 98067JQ  16218.12538869  .00011515  00000-0  16075-3 0  9997
2 41566  51.6425 172.9805 0004447  38.7435  55.9297 15.57369903 10240
FLOCK 2E'-5             
1 41567U 98067JR  16218.07341905  .00008117  00000-0  11791-3 0  9999
2 41567  51.6428 173.4193 0005524  50.5997  26.3264 15.56766581 10217
FLOCK 2E'-6             
1 41568U 98067JS  16218.13341378  .00008756  00000-0  12485-3 0  9991
2 41568  51.6413 172.9966 0005172  48.6564  64.6117 15.57154401 10250
FLOCK 2E'-8             
1 41569U 98067JT  16218.11747296  .00009518  00000-0  13317-3 0  9991
2 41569  51.6409 172.9372 0000753 128.7811 324.2717 15.57552897 10131
FLOCK 2E'-7             
1 41570U 98067JU  16218.12366051  .00008795  00000-0  12442-3 0  9994
2 41570  51.6405 172.9608 0000574 132.6898 327.1754 15.57363230 10157
FLOCK 2E-9              
1 41571U 98067JV  16218.12291175  .00011584  00000-0  16138-3 0  9995
2 41571  51.6421 172.9645 0003651  34.4181  60.5314 15.57419782 10110
FLOCK 2E-10             
1 41572U 98067JW  16218.12231836  .00008163  00000-0  11558-3 0  9994
2 41572  51.6416 172.9635 0004447  43.9854  48.8326 15.57461228 10114
FLOCK 2E-12             
1 41573U 98067JX  16218.12301053  .00009503  00000-0  13355-3 0  9990
2 41573  51.6425 172.9798 0005108  56.3457  31.4793 15.57434034 10118
FLOCK 2E-11             
1 41574U 98067JY  16218.11327124  .00009351  00000-0  13036-3 0  9994
2 41574  51.6399 172.9073 0005353  52.9086  39.1375 15.57673026 10114
FLOCK 2E'-9             
1 41575U 98067JZ  16218.11375123  .00009283  00000-0  12954-3 0  9999
2 41575  51.6405 172.9227 0005443  75.2533  10.4005 15.57656039 10105
FLOCK 2E'-10            
1 41576U 98067KA  16218.12531671  .00009584  00000-0  13533-3 0  9991
2 41576  51.6411 172.9868 0006407  61.8390  26.0056 15.57286297 10000
FLOCK 2E'-11            
1 41577U 98067KB  16218.12496263  .00008849  00000-0  12481-3 0  9993
2 41577  51.6416 172.9770 0006137  44.6883  49.4154 15.57434304  9824
FLOCK 2E'-12            
1 41578U 98067KC  16218.13002815  .00010425  00000-0  14743-3 0  9997
2 41578  51.6421 173.0252 0004789  44.3355  44.7379 15.57140553  9827
SOYUZ-MS 01             
1 41639U 16044A   16216.40707874  .00000942  00000-0  20921-4 0  9994
2 41639  51.6434 182.4209 0002138  99.2433  38.3669 15.54907567 12331
PROGRESS-MS 03          
1 41670U 16045A   16216.40707874  .00000942  00000-0  20921-4 0  9990
2 41670  51.6434 182.4209 0002138  99.2433  38.3669 15.54907567 12336
DRAGON CRS-9            
1 41672U 16046A   16216.40707874  .00000942  00000-0  20921-4 0  9993
2 41672  51.6434 182.4209 0002138  99.2433  38.3669 15.54907567 12338
